(kicad_pcb (version 20171130) (host pcbnew 5.1.5-52549c5~84~ubuntu18.04.1)

  (general
    (thickness 1.6)
    (drawings 17)
    (tracks 86)
    (zones 0)
    (modules 22)
    (nets 20)
  )

  (page USLetter)
  (title_block
    (title "Project Title")
  )

  (layers
    (0 F.Cu signal)
    (31 B.Cu signal)
    (34 B.Paste user)
    (35 F.Paste user hide)
    (36 B.SilkS user)
    (37 F.SilkS user)
    (38 B.Mask user)
    (39 F.Mask user hide)
    (44 Edge.Cuts user)
    (46 B.CrtYd user hide)
    (47 F.CrtYd user hide)
    (48 B.Fab user hide)
    (49 F.Fab user hide)
  )

  (setup
    (last_trace_width 0.254)
    (user_trace_width 0.1524)
    (user_trace_width 0.254)
    (user_trace_width 0.3302)
    (user_trace_width 0.508)
    (user_trace_width 0.762)
    (user_trace_width 1.27)
    (trace_clearance 0.254)
    (zone_clearance 0.508)
    (zone_45_only no)
    (trace_min 0.1524)
    (via_size 0.6858)
    (via_drill 0.3302)
    (via_min_size 0.6858)
    (via_min_drill 0.3302)
    (user_via 0.6858 0.3302)
    (user_via 0.762 0.4064)
    (user_via 0.8636 0.508)
    (uvia_size 0.6858)
    (uvia_drill 0.3302)
    (uvias_allowed no)
    (uvia_min_size 0)
    (uvia_min_drill 0)
    (edge_width 0.1524)
    (segment_width 0.1524)
    (pcb_text_width 0.1524)
    (pcb_text_size 1.016 1.016)
    (mod_edge_width 0.1524)
    (mod_text_size 1.016 1.016)
    (mod_text_width 0.1524)
    (pad_size 1.524 1.524)
    (pad_drill 0.762)
    (pad_to_mask_clearance 0.0762)
    (solder_mask_min_width 0.1016)
    (pad_to_paste_clearance -0.0762)
    (aux_axis_origin 0 0)
    (visible_elements 7FFFFFFF)
    (pcbplotparams
      (layerselection 0x310fc_ffffffff)
      (usegerberextensions true)
      (usegerberattributes false)
      (usegerberadvancedattributes false)
      (creategerberjobfile false)
      (excludeedgelayer true)
      (linewidth 0.100000)
      (plotframeref false)
      (viasonmask false)
      (mode 1)
      (useauxorigin false)
      (hpglpennumber 1)
      (hpglpenspeed 20)
      (hpglpendiameter 15.000000)
      (psnegative false)
      (psa4output false)
      (plotreference true)
      (plotvalue true)
      (plotinvisibletext false)
      (padsonsilk false)
      (subtractmaskfromsilk false)
      (outputformat 1)
      (mirror false)
      (drillshape 0)
      (scaleselection 1)
      (outputdirectory "/home/greynaga/Github/Arduino_NANO_Badge/001_Arduino_David/gerbers/"))
  )

  (net 0 "")
  (net 1 GND)
  (net 2 "Net-(D1-Pad2)")
  (net 3 /~D3)
  (net 4 /~D5)
  (net 5 "Net-(D2-Pad2)")
  (net 6 "Net-(D3-Pad2)")
  (net 7 /~D6)
  (net 8 /~D9)
  (net 9 "Net-(D4-Pad2)")
  (net 10 "Net-(D5-Pad2)")
  (net 11 /~D10)
  (net 12 /~D11-MOSI)
  (net 13 "Net-(D6-Pad2)")
  (net 14 /~D2)
  (net 15 "Net-(D7-Pad2)")
  (net 16 /~D12-MISO)
  (net 17 "Net-(D8-Pad2)")
  (net 18 "Net-(D9-Pad2)")
  (net 19 /~A2)

  (net_class Default "This is the default net class."
    (clearance 0.254)
    (trace_width 0.254)
    (via_dia 0.6858)
    (via_drill 0.3302)
    (uvia_dia 0.6858)
    (uvia_drill 0.3302)
    (add_net /~A2)
    (add_net /~D10)
    (add_net /~D11-MOSI)
    (add_net /~D12-MISO)
    (add_net /~D2)
    (add_net /~D3)
    (add_net /~D5)
    (add_net /~D6)
    (add_net /~D9)
    (add_net GND)
    (add_net "Net-(D1-Pad2)")
    (add_net "Net-(D2-Pad2)")
    (add_net "Net-(D3-Pad2)")
    (add_net "Net-(D4-Pad2)")
    (add_net "Net-(D5-Pad2)")
    (add_net "Net-(D6-Pad2)")
    (add_net "Net-(D7-Pad2)")
    (add_net "Net-(D8-Pad2)")
    (add_net "Net-(D9-Pad2)")
  )

  (module NANO_Badge_01:SunLed_1206_Reverse (layer B.Cu) (tedit 5E3878A0) (tstamp 5E38D216)
    (at 153.5684 88.4682)
    (descr "LED PLCC-2 SMD package")
    (tags "LED PLCC-2 SMD")
    (path /5E39A72A)
    (attr smd)
    (fp_text reference D1 (at 0 5.08) (layer B.Fab)
      (effects (font (size 1 1) (thickness 0.15)) (justify mirror))
    )
    (fp_text value LED (at 0 -2.921) (layer B.Fab)
      (effects (font (size 1 1) (thickness 0.15)) (justify mirror))
    )
    (fp_text user %R (at 0 0) (layer B.Fab)
      (effects (font (size 0.4 0.4) (thickness 0.1)) (justify mirror))
    )
    (fp_circle (center 0 0) (end 1.6 0) (layer B.Fab) (width 0.1))
    (fp_line (start -1.6002 -1.397) (end 1.5998 -1.397) (layer B.Fab) (width 0.15))
    (fp_line (start 1.5998 1.403) (end 1.5998 -1.397) (layer B.Fab) (width 0.15))
    (fp_line (start -1.6002 1.403) (end -1.6002 -1.397) (layer B.Fab) (width 0.15))
    (fp_line (start -1.6002 1.403) (end 1.5998 1.403) (layer B.Fab) (width 0.15))
    (pad 1 smd roundrect (at -1.4875 0) (size 1.425 1.75) (layers B.Cu B.Paste B.Mask) (roundrect_rratio 0.175)
      (net 3 /~D3))
    (pad 2 smd rect (at 2.6 0) (size 1.7 2.8) (layers B.Cu B.Paste B.Mask)
      (net 2 "Net-(D1-Pad2)"))
    (pad 1 smd rect (at -2.6 0) (size 1.7 2.8) (layers B.Cu B.Paste B.Mask)
      (net 3 /~D3))
    (pad 2 smd roundrect (at 1.4875 0) (size 1.425 1.75) (layers B.Cu B.Paste B.Mask) (roundrect_rratio 0.175)
      (net 2 "Net-(D1-Pad2)"))
    (model ${KISYS3DMOD}/LEDs.3dshapes/LED_PLCC-2.wrl
      (at (xyz 0 0 0))
      (scale (xyz 1 1 1))
      (rotate (xyz 0 0 0))
    )
  )

  (module NANO_Badge_01:SunLed_1206_Reverse (layer B.Cu) (tedit 5E3878A0) (tstamp 5E38D223)
    (at 142.24 115.57)
    (descr "LED PLCC-2 SMD package")
    (tags "LED PLCC-2 SMD")
    (path /5E39AD3A)
    (attr smd)
    (fp_text reference D2 (at 0 5.08) (layer B.Fab)
      (effects (font (size 1 1) (thickness 0.15)) (justify mirror))
    )
    (fp_text value LED (at 0 -2.921) (layer B.Fab)
      (effects (font (size 1 1) (thickness 0.15)) (justify mirror))
    )
    (fp_line (start -1.6002 1.403) (end 1.5998 1.403) (layer B.Fab) (width 0.15))
    (fp_line (start -1.6002 1.403) (end -1.6002 -1.397) (layer B.Fab) (width 0.15))
    (fp_line (start 1.5998 1.403) (end 1.5998 -1.397) (layer B.Fab) (width 0.15))
    (fp_line (start -1.6002 -1.397) (end 1.5998 -1.397) (layer B.Fab) (width 0.15))
    (fp_circle (center 0 0) (end 1.6 0) (layer B.Fab) (width 0.1))
    (fp_text user %R (at 0 0) (layer B.Fab)
      (effects (font (size 0.4 0.4) (thickness 0.1)) (justify mirror))
    )
    (pad 2 smd roundrect (at 1.4875 0) (size 1.425 1.75) (layers B.Cu B.Paste B.Mask) (roundrect_rratio 0.175)
      (net 5 "Net-(D2-Pad2)"))
    (pad 1 smd rect (at -2.6 0) (size 1.7 2.8) (layers B.Cu B.Paste B.Mask)
      (net 4 /~D5))
    (pad 2 smd rect (at 2.6 0) (size 1.7 2.8) (layers B.Cu B.Paste B.Mask)
      (net 5 "Net-(D2-Pad2)"))
    (pad 1 smd roundrect (at -1.4875 0) (size 1.425 1.75) (layers B.Cu B.Paste B.Mask) (roundrect_rratio 0.175)
      (net 4 /~D5))
    (model ${KISYS3DMOD}/LEDs.3dshapes/LED_PLCC-2.wrl
      (at (xyz 0 0 0))
      (scale (xyz 1 1 1))
      (rotate (xyz 0 0 0))
    )
  )

  (module NANO_Badge_01:SunLed_1206_Reverse (layer B.Cu) (tedit 5E3878A0) (tstamp 5E38D230)
    (at 146.7358 73.6092)
    (descr "LED PLCC-2 SMD package")
    (tags "LED PLCC-2 SMD")
    (path /5E39B0AF)
    (attr smd)
    (fp_text reference D3 (at 0 5.08) (layer B.Fab)
      (effects (font (size 1 1) (thickness 0.15)) (justify mirror))
    )
    (fp_text value LED (at 0 -2.921) (layer B.Fab)
      (effects (font (size 1 1) (thickness 0.15)) (justify mirror))
    )
    (fp_text user %R (at 0 0) (layer B.Fab)
      (effects (font (size 0.4 0.4) (thickness 0.1)) (justify mirror))
    )
    (fp_circle (center 0 0) (end 1.6 0) (layer B.Fab) (width 0.1))
    (fp_line (start -1.6002 -1.397) (end 1.5998 -1.397) (layer B.Fab) (width 0.15))
    (fp_line (start 1.5998 1.403) (end 1.5998 -1.397) (layer B.Fab) (width 0.15))
    (fp_line (start -1.6002 1.403) (end -1.6002 -1.397) (layer B.Fab) (width 0.15))
    (fp_line (start -1.6002 1.403) (end 1.5998 1.403) (layer B.Fab) (width 0.15))
    (pad 1 smd roundrect (at -1.4875 0) (size 1.425 1.75) (layers B.Cu B.Paste B.Mask) (roundrect_rratio 0.175)
      (net 7 /~D6))
    (pad 2 smd rect (at 2.6 0) (size 1.7 2.8) (layers B.Cu B.Paste B.Mask)
      (net 6 "Net-(D3-Pad2)"))
    (pad 1 smd rect (at -2.6 0) (size 1.7 2.8) (layers B.Cu B.Paste B.Mask)
      (net 7 /~D6))
    (pad 2 smd roundrect (at 1.4875 0) (size 1.425 1.75) (layers B.Cu B.Paste B.Mask) (roundrect_rratio 0.175)
      (net 6 "Net-(D3-Pad2)"))
    (model ${KISYS3DMOD}/LEDs.3dshapes/LED_PLCC-2.wrl
      (at (xyz 0 0 0))
      (scale (xyz 1 1 1))
      (rotate (xyz 0 0 0))
    )
  )

  (module NANO_Badge_01:SunLed_1206_Reverse (layer B.Cu) (tedit 5E3878A0) (tstamp 5E38D23D)
    (at 132.1308 73.5076 180)
    (descr "LED PLCC-2 SMD package")
    (tags "LED PLCC-2 SMD")
    (path /5E39B7AB)
    (attr smd)
    (fp_text reference D4 (at 0 5.08) (layer B.Fab)
      (effects (font (size 1 1) (thickness 0.15)) (justify mirror))
    )
    (fp_text value LED (at 0 -2.921) (layer B.Fab)
      (effects (font (size 1 1) (thickness 0.15)) (justify mirror))
    )
    (fp_line (start -1.6002 1.403) (end 1.5998 1.403) (layer B.Fab) (width 0.15))
    (fp_line (start -1.6002 1.403) (end -1.6002 -1.397) (layer B.Fab) (width 0.15))
    (fp_line (start 1.5998 1.403) (end 1.5998 -1.397) (layer B.Fab) (width 0.15))
    (fp_line (start -1.6002 -1.397) (end 1.5998 -1.397) (layer B.Fab) (width 0.15))
    (fp_circle (center 0 0) (end 1.6 0) (layer B.Fab) (width 0.1))
    (fp_text user %R (at 0 0) (layer B.Fab)
      (effects (font (size 0.4 0.4) (thickness 0.1)) (justify mirror))
    )
    (pad 2 smd roundrect (at 1.4875 0 180) (size 1.425 1.75) (layers B.Cu B.Paste B.Mask) (roundrect_rratio 0.175)
      (net 9 "Net-(D4-Pad2)"))
    (pad 1 smd rect (at -2.6 0 180) (size 1.7 2.8) (layers B.Cu B.Paste B.Mask)
      (net 8 /~D9))
    (pad 2 smd rect (at 2.6 0 180) (size 1.7 2.8) (layers B.Cu B.Paste B.Mask)
      (net 9 "Net-(D4-Pad2)"))
    (pad 1 smd roundrect (at -1.4875 0 180) (size 1.425 1.75) (layers B.Cu B.Paste B.Mask) (roundrect_rratio 0.175)
      (net 8 /~D9))
    (model ${KISYS3DMOD}/LEDs.3dshapes/LED_PLCC-2.wrl
      (at (xyz 0 0 0))
      (scale (xyz 1 1 1))
      (rotate (xyz 0 0 0))
    )
  )

  (module NANO_Badge_01:SunLed_1206_Reverse (layer B.Cu) (tedit 5E3878A0) (tstamp 5E38D24A)
    (at 130.81 86.995)
    (descr "LED PLCC-2 SMD package")
    (tags "LED PLCC-2 SMD")
    (path /5E39C72B)
    (attr smd)
    (fp_text reference D5 (at 0 5.08) (layer B.Fab)
      (effects (font (size 1 1) (thickness 0.15)) (justify mirror))
    )
    (fp_text value LED (at 0 -2.921) (layer B.Fab)
      (effects (font (size 1 1) (thickness 0.15)) (justify mirror))
    )
    (fp_text user %R (at 0 0) (layer B.Fab)
      (effects (font (size 0.4 0.4) (thickness 0.1)) (justify mirror))
    )
    (fp_circle (center 0 0) (end 1.6 0) (layer B.Fab) (width 0.1))
    (fp_line (start -1.6002 -1.397) (end 1.5998 -1.397) (layer B.Fab) (width 0.15))
    (fp_line (start 1.5998 1.403) (end 1.5998 -1.397) (layer B.Fab) (width 0.15))
    (fp_line (start -1.6002 1.403) (end -1.6002 -1.397) (layer B.Fab) (width 0.15))
    (fp_line (start -1.6002 1.403) (end 1.5998 1.403) (layer B.Fab) (width 0.15))
    (pad 1 smd roundrect (at -1.4875 0) (size 1.425 1.75) (layers B.Cu B.Paste B.Mask) (roundrect_rratio 0.175)
      (net 11 /~D10))
    (pad 2 smd rect (at 2.6 0) (size 1.7 2.8) (layers B.Cu B.Paste B.Mask)
      (net 10 "Net-(D5-Pad2)"))
    (pad 1 smd rect (at -2.6 0) (size 1.7 2.8) (layers B.Cu B.Paste B.Mask)
      (net 11 /~D10))
    (pad 2 smd roundrect (at 1.4875 0) (size 1.425 1.75) (layers B.Cu B.Paste B.Mask) (roundrect_rratio 0.175)
      (net 10 "Net-(D5-Pad2)"))
    (model ${KISYS3DMOD}/LEDs.3dshapes/LED_PLCC-2.wrl
      (at (xyz 0 0 0))
      (scale (xyz 1 1 1))
      (rotate (xyz 0 0 0))
    )
  )

  (module NANO_Badge_01:SunLed_1206_Reverse (layer B.Cu) (tedit 5E3878A0) (tstamp 5E38D257)
    (at 122.2248 114.7826)
    (descr "LED PLCC-2 SMD package")
    (tags "LED PLCC-2 SMD")
    (path /5E3A1BFD)
    (attr smd)
    (fp_text reference D6 (at 0 5.08) (layer B.Fab)
      (effects (font (size 1 1) (thickness 0.15)) (justify mirror))
    )
    (fp_text value LED (at 0 -2.921) (layer B.Fab)
      (effects (font (size 1 1) (thickness 0.15)) (justify mirror))
    )
    (fp_line (start -1.6002 1.403) (end 1.5998 1.403) (layer B.Fab) (width 0.15))
    (fp_line (start -1.6002 1.403) (end -1.6002 -1.397) (layer B.Fab) (width 0.15))
    (fp_line (start 1.5998 1.403) (end 1.5998 -1.397) (layer B.Fab) (width 0.15))
    (fp_line (start -1.6002 -1.397) (end 1.5998 -1.397) (layer B.Fab) (width 0.15))
    (fp_circle (center 0 0) (end 1.6 0) (layer B.Fab) (width 0.1))
    (fp_text user %R (at 0 0) (layer B.Fab)
      (effects (font (size 0.4 0.4) (thickness 0.1)) (justify mirror))
    )
    (pad 2 smd roundrect (at 1.4875 0) (size 1.425 1.75) (layers B.Cu B.Paste B.Mask) (roundrect_rratio 0.175)
      (net 13 "Net-(D6-Pad2)"))
    (pad 1 smd rect (at -2.6 0) (size 1.7 2.8) (layers B.Cu B.Paste B.Mask)
      (net 12 /~D11-MOSI))
    (pad 2 smd rect (at 2.6 0) (size 1.7 2.8) (layers B.Cu B.Paste B.Mask)
      (net 13 "Net-(D6-Pad2)"))
    (pad 1 smd roundrect (at -1.4875 0) (size 1.425 1.75) (layers B.Cu B.Paste B.Mask) (roundrect_rratio 0.175)
      (net 12 /~D11-MOSI))
    (model ${KISYS3DMOD}/LEDs.3dshapes/LED_PLCC-2.wrl
      (at (xyz 0 0 0))
      (scale (xyz 1 1 1))
      (rotate (xyz 0 0 0))
    )
  )

  (module NANO_Badge_01:SunLed_1206_Reverse (layer B.Cu) (tedit 5E3878A0) (tstamp 5E38D264)
    (at 164.7698 106.5022)
    (descr "LED PLCC-2 SMD package")
    (tags "LED PLCC-2 SMD")
    (path /5E390056)
    (attr smd)
    (fp_text reference D7 (at 0 5.08) (layer B.Fab)
      (effects (font (size 1 1) (thickness 0.15)) (justify mirror))
    )
    (fp_text value LED (at 0 -2.921) (layer B.Fab)
      (effects (font (size 1 1) (thickness 0.15)) (justify mirror))
    )
    (fp_line (start -1.6002 1.403) (end 1.5998 1.403) (layer B.Fab) (width 0.15))
    (fp_line (start -1.6002 1.403) (end -1.6002 -1.397) (layer B.Fab) (width 0.15))
    (fp_line (start 1.5998 1.403) (end 1.5998 -1.397) (layer B.Fab) (width 0.15))
    (fp_line (start -1.6002 -1.397) (end 1.5998 -1.397) (layer B.Fab) (width 0.15))
    (fp_circle (center 0 0) (end 1.6 0) (layer B.Fab) (width 0.1))
    (fp_text user %R (at 0 0) (layer B.Fab)
      (effects (font (size 0.4 0.4) (thickness 0.1)) (justify mirror))
    )
    (pad 2 smd roundrect (at 1.4875 0) (size 1.425 1.75) (layers B.Cu B.Paste B.Mask) (roundrect_rratio 0.175)
      (net 15 "Net-(D7-Pad2)"))
    (pad 1 smd rect (at -2.6 0) (size 1.7 2.8) (layers B.Cu B.Paste B.Mask)
      (net 14 /~D2))
    (pad 2 smd rect (at 2.6 0) (size 1.7 2.8) (layers B.Cu B.Paste B.Mask)
      (net 15 "Net-(D7-Pad2)"))
    (pad 1 smd roundrect (at -1.4875 0) (size 1.425 1.75) (layers B.Cu B.Paste B.Mask) (roundrect_rratio 0.175)
      (net 14 /~D2))
    (model ${KISYS3DMOD}/LEDs.3dshapes/LED_PLCC-2.wrl
      (at (xyz 0 0 0))
      (scale (xyz 1 1 1))
      (rotate (xyz 0 0 0))
    )
  )

  (module NANO_Badge_01:SunLed_1206_Reverse (layer B.Cu) (tedit 5E3878A0) (tstamp 5E38D271)
    (at 114.9604 73.4822 180)
    (descr "LED PLCC-2 SMD package")
    (tags "LED PLCC-2 SMD")
    (path /5E3A21C7)
    (attr smd)
    (fp_text reference D8 (at 0 5.08) (layer B.Fab)
      (effects (font (size 1 1) (thickness 0.15)) (justify mirror))
    )
    (fp_text value LED (at 0 -2.921) (layer B.Fab)
      (effects (font (size 1 1) (thickness 0.15)) (justify mirror))
    )
    (fp_text user %R (at 0 0) (layer B.Fab)
      (effects (font (size 0.4 0.4) (thickness 0.1)) (justify mirror))
    )
    (fp_circle (center 0 0) (end 1.6 0) (layer B.Fab) (width 0.1))
    (fp_line (start -1.6002 -1.397) (end 1.5998 -1.397) (layer B.Fab) (width 0.15))
    (fp_line (start 1.5998 1.403) (end 1.5998 -1.397) (layer B.Fab) (width 0.15))
    (fp_line (start -1.6002 1.403) (end -1.6002 -1.397) (layer B.Fab) (width 0.15))
    (fp_line (start -1.6002 1.403) (end 1.5998 1.403) (layer B.Fab) (width 0.15))
    (pad 1 smd roundrect (at -1.4875 0 180) (size 1.425 1.75) (layers B.Cu B.Paste B.Mask) (roundrect_rratio 0.175)
      (net 16 /~D12-MISO))
    (pad 2 smd rect (at 2.6 0 180) (size 1.7 2.8) (layers B.Cu B.Paste B.Mask)
      (net 17 "Net-(D8-Pad2)"))
    (pad 1 smd rect (at -2.6 0 180) (size 1.7 2.8) (layers B.Cu B.Paste B.Mask)
      (net 16 /~D12-MISO))
    (pad 2 smd roundrect (at 1.4875 0 180) (size 1.425 1.75) (layers B.Cu B.Paste B.Mask) (roundrect_rratio 0.175)
      (net 17 "Net-(D8-Pad2)"))
    (model ${KISYS3DMOD}/LEDs.3dshapes/LED_PLCC-2.wrl
      (at (xyz 0 0 0))
      (scale (xyz 1 1 1))
      (rotate (xyz 0 0 0))
    )
  )

  (module NANO_Badge_01:SunLed_1206_Reverse (layer B.Cu) (tedit 5E3878A0) (tstamp 5E38D27E)
    (at 159.6644 54.0004)
    (descr "LED PLCC-2 SMD package")
    (tags "LED PLCC-2 SMD")
    (path /5E3A27E9)
    (attr smd)
    (fp_text reference D9 (at 0 5.08) (layer B.Fab)
      (effects (font (size 1 1) (thickness 0.15)) (justify mirror))
    )
    (fp_text value LED (at 0 -2.921) (layer B.Fab)
      (effects (font (size 1 1) (thickness 0.15)) (justify mirror))
    )
    (fp_line (start -1.6002 1.403) (end 1.5998 1.403) (layer B.Fab) (width 0.15))
    (fp_line (start -1.6002 1.403) (end -1.6002 -1.397) (layer B.Fab) (width 0.15))
    (fp_line (start 1.5998 1.403) (end 1.5998 -1.397) (layer B.Fab) (width 0.15))
    (fp_line (start -1.6002 -1.397) (end 1.5998 -1.397) (layer B.Fab) (width 0.15))
    (fp_circle (center 0 0) (end 1.6 0) (layer B.Fab) (width 0.1))
    (fp_text user %R (at 0 0) (layer B.Fab)
      (effects (font (size 0.4 0.4) (thickness 0.1)) (justify mirror))
    )
    (pad 2 smd roundrect (at 1.4875 0) (size 1.425 1.75) (layers B.Cu B.Paste B.Mask) (roundrect_rratio 0.175)
      (net 18 "Net-(D9-Pad2)"))
    (pad 1 smd rect (at -2.6 0) (size 1.7 2.8) (layers B.Cu B.Paste B.Mask)
      (net 19 /~A2))
    (pad 2 smd rect (at 2.6 0) (size 1.7 2.8) (layers B.Cu B.Paste B.Mask)
      (net 18 "Net-(D9-Pad2)"))
    (pad 1 smd roundrect (at -1.4875 0) (size 1.425 1.75) (layers B.Cu B.Paste B.Mask) (roundrect_rratio 0.175)
      (net 19 /~A2))
    (model ${KISYS3DMOD}/LEDs.3dshapes/LED_PLCC-2.wrl
      (at (xyz 0 0 0))
      (scale (xyz 1 1 1))
      (rotate (xyz 0 0 0))
    )
  )

  (module NANO_Badge_01:R_1206_3216Metric_Pad1.42x1.75mm_HandSolder (layer B.Cu) (tedit 5B301BBD) (tstamp 5E38D28B)
    (at 164.6825 101.6)
    (descr "Resistor SMD 1206 (3216 Metric), square (rectangular) end terminal, IPC_7351 nominal with elongated pad for handsoldering. (Body size source: http://www.tortai-tech.com/upload/download/2011102023233369053.pdf), generated with kicad-footprint-generator")
    (tags "resistor handsolder")
    (path /5E38ED09)
    (attr smd)
    (fp_text reference R1 (at 0 1.82) (layer B.SilkS)
      (effects (font (size 1 1) (thickness 0.15)) (justify mirror))
    )
    (fp_text value R_Small (at 0 -1.82) (layer B.Fab)
      (effects (font (size 1 1) (thickness 0.15)) (justify mirror))
    )
    (fp_text user %R (at 0 0) (layer B.Fab)
      (effects (font (size 0.8 0.8) (thickness 0.12)) (justify mirror))
    )
    (fp_line (start 2.45 -1.12) (end -2.45 -1.12) (layer B.CrtYd) (width 0.05))
    (fp_line (start 2.45 1.12) (end 2.45 -1.12) (layer B.CrtYd) (width 0.05))
    (fp_line (start -2.45 1.12) (end 2.45 1.12) (layer B.CrtYd) (width 0.05))
    (fp_line (start -2.45 -1.12) (end -2.45 1.12) (layer B.CrtYd) (width 0.05))
    (fp_line (start -0.602064 -0.91) (end 0.602064 -0.91) (layer B.SilkS) (width 0.12))
    (fp_line (start -0.602064 0.91) (end 0.602064 0.91) (layer B.SilkS) (width 0.12))
    (fp_line (start 1.6 -0.8) (end -1.6 -0.8) (layer B.Fab) (width 0.1))
    (fp_line (start 1.6 0.8) (end 1.6 -0.8) (layer B.Fab) (width 0.1))
    (fp_line (start -1.6 0.8) (end 1.6 0.8) (layer B.Fab) (width 0.1))
    (fp_line (start -1.6 -0.8) (end -1.6 0.8) (layer B.Fab) (width 0.1))
    (pad 2 smd roundrect (at 1.4875 0) (size 1.425 1.75) (layers B.Cu B.Paste B.Mask) (roundrect_rratio 0.175439)
      (net 15 "Net-(D7-Pad2)"))
    (pad 1 smd roundrect (at -1.4875 0) (size 1.425 1.75) (layers B.Cu B.Paste B.Mask) (roundrect_rratio 0.175439)
      (net 1 GND))
    (model ${KISYS3DMOD}/Resistor_SMD.3dshapes/R_1206_3216Metric.wrl
      (at (xyz 0 0 0))
      (scale (xyz 1 1 1))
      (rotate (xyz 0 0 0))
    )
  )

  (module NANO_Badge_01:R_1206_3216Metric_Pad1.42x1.75mm_HandSolder (layer B.Cu) (tedit 5B301BBD) (tstamp 5E38D29B)
    (at 153.67 94.615)
    (descr "Resistor SMD 1206 (3216 Metric), square (rectangular) end terminal, IPC_7351 nominal with elongated pad for handsoldering. (Body size source: http://www.tortai-tech.com/upload/download/2011102023233369053.pdf), generated with kicad-footprint-generator")
    (tags "resistor handsolder")
    (path /5E39D40E)
    (attr smd)
    (fp_text reference R2 (at 0 1.82) (layer B.SilkS)
      (effects (font (size 1 1) (thickness 0.15)) (justify mirror))
    )
    (fp_text value R_Small (at 0 -1.82) (layer B.Fab)
      (effects (font (size 1 1) (thickness 0.15)) (justify mirror))
    )
    (fp_text user %R (at 0 0) (layer B.Fab)
      (effects (font (size 0.8 0.8) (thickness 0.12)) (justify mirror))
    )
    (fp_line (start 2.45 -1.12) (end -2.45 -1.12) (layer B.CrtYd) (width 0.05))
    (fp_line (start 2.45 1.12) (end 2.45 -1.12) (layer B.CrtYd) (width 0.05))
    (fp_line (start -2.45 1.12) (end 2.45 1.12) (layer B.CrtYd) (width 0.05))
    (fp_line (start -2.45 -1.12) (end -2.45 1.12) (layer B.CrtYd) (width 0.05))
    (fp_line (start -0.602064 -0.91) (end 0.602064 -0.91) (layer B.SilkS) (width 0.12))
    (fp_line (start -0.602064 0.91) (end 0.602064 0.91) (layer B.SilkS) (width 0.12))
    (fp_line (start 1.6 -0.8) (end -1.6 -0.8) (layer B.Fab) (width 0.1))
    (fp_line (start 1.6 0.8) (end 1.6 -0.8) (layer B.Fab) (width 0.1))
    (fp_line (start -1.6 0.8) (end 1.6 0.8) (layer B.Fab) (width 0.1))
    (fp_line (start -1.6 -0.8) (end -1.6 0.8) (layer B.Fab) (width 0.1))
    (pad 2 smd roundrect (at 1.4875 0) (size 1.425 1.75) (layers B.Cu B.Paste B.Mask) (roundrect_rratio 0.175439)
      (net 2 "Net-(D1-Pad2)"))
    (pad 1 smd roundrect (at -1.4875 0) (size 1.425 1.75) (layers B.Cu B.Paste B.Mask) (roundrect_rratio 0.175439)
      (net 1 GND))
    (model ${KISYS3DMOD}/Resistor_SMD.3dshapes/R_1206_3216Metric.wrl
      (at (xyz 0 0 0))
      (scale (xyz 1 1 1))
      (rotate (xyz 0 0 0))
    )
  )

  (module NANO_Badge_01:R_1206_3216Metric_Pad1.42x1.75mm_HandSolder (layer B.Cu) (tedit 5B301BBD) (tstamp 5E38D2AB)
    (at 144.145 109.22)
    (descr "Resistor SMD 1206 (3216 Metric), square (rectangular) end terminal, IPC_7351 nominal with elongated pad for handsoldering. (Body size source: http://www.tortai-tech.com/upload/download/2011102023233369053.pdf), generated with kicad-footprint-generator")
    (tags "resistor handsolder")
    (path /5E39D80B)
    (attr smd)
    (fp_text reference R3 (at 0 1.82) (layer B.SilkS)
      (effects (font (size 1 1) (thickness 0.15)) (justify mirror))
    )
    (fp_text value R_Small (at 0 -1.82) (layer B.Fab)
      (effects (font (size 1 1) (thickness 0.15)) (justify mirror))
    )
    (fp_line (start -1.6 -0.8) (end -1.6 0.8) (layer B.Fab) (width 0.1))
    (fp_line (start -1.6 0.8) (end 1.6 0.8) (layer B.Fab) (width 0.1))
    (fp_line (start 1.6 0.8) (end 1.6 -0.8) (layer B.Fab) (width 0.1))
    (fp_line (start 1.6 -0.8) (end -1.6 -0.8) (layer B.Fab) (width 0.1))
    (fp_line (start -0.602064 0.91) (end 0.602064 0.91) (layer B.SilkS) (width 0.12))
    (fp_line (start -0.602064 -0.91) (end 0.602064 -0.91) (layer B.SilkS) (width 0.12))
    (fp_line (start -2.45 -1.12) (end -2.45 1.12) (layer B.CrtYd) (width 0.05))
    (fp_line (start -2.45 1.12) (end 2.45 1.12) (layer B.CrtYd) (width 0.05))
    (fp_line (start 2.45 1.12) (end 2.45 -1.12) (layer B.CrtYd) (width 0.05))
    (fp_line (start 2.45 -1.12) (end -2.45 -1.12) (layer B.CrtYd) (width 0.05))
    (fp_text user %R (at 0 0) (layer B.Fab)
      (effects (font (size 0.8 0.8) (thickness 0.12)) (justify mirror))
    )
    (pad 1 smd roundrect (at -1.4875 0) (size 1.425 1.75) (layers B.Cu B.Paste B.Mask) (roundrect_rratio 0.175439)
      (net 1 GND))
    (pad 2 smd roundrect (at 1.4875 0) (size 1.425 1.75) (layers B.Cu B.Paste B.Mask) (roundrect_rratio 0.175439)
      (net 5 "Net-(D2-Pad2)"))
    (model ${KISYS3DMOD}/Resistor_SMD.3dshapes/R_1206_3216Metric.wrl
      (at (xyz 0 0 0))
      (scale (xyz 1 1 1))
      (rotate (xyz 0 0 0))
    )
  )

  (module NANO_Badge_01:R_1206_3216Metric_Pad1.42x1.75mm_HandSolder (layer B.Cu) (tedit 5B301BBD) (tstamp 5E38D2BB)
    (at 154.94 73.66 180)
    (descr "Resistor SMD 1206 (3216 Metric), square (rectangular) end terminal, IPC_7351 nominal with elongated pad for handsoldering. (Body size source: http://www.tortai-tech.com/upload/download/2011102023233369053.pdf), generated with kicad-footprint-generator")
    (tags "resistor handsolder")
    (path /5E39EB08)
    (attr smd)
    (fp_text reference R4 (at 0 1.82) (layer B.SilkS)
      (effects (font (size 1 1) (thickness 0.15)) (justify mirror))
    )
    (fp_text value R_Small (at 0 -1.82) (layer B.Fab)
      (effects (font (size 1 1) (thickness 0.15)) (justify mirror))
    )
    (fp_text user %R (at 0 0) (layer B.Fab)
      (effects (font (size 0.8 0.8) (thickness 0.12)) (justify mirror))
    )
    (fp_line (start 2.45 -1.12) (end -2.45 -1.12) (layer B.CrtYd) (width 0.05))
    (fp_line (start 2.45 1.12) (end 2.45 -1.12) (layer B.CrtYd) (width 0.05))
    (fp_line (start -2.45 1.12) (end 2.45 1.12) (layer B.CrtYd) (width 0.05))
    (fp_line (start -2.45 -1.12) (end -2.45 1.12) (layer B.CrtYd) (width 0.05))
    (fp_line (start -0.602064 -0.91) (end 0.602064 -0.91) (layer B.SilkS) (width 0.12))
    (fp_line (start -0.602064 0.91) (end 0.602064 0.91) (layer B.SilkS) (width 0.12))
    (fp_line (start 1.6 -0.8) (end -1.6 -0.8) (layer B.Fab) (width 0.1))
    (fp_line (start 1.6 0.8) (end 1.6 -0.8) (layer B.Fab) (width 0.1))
    (fp_line (start -1.6 0.8) (end 1.6 0.8) (layer B.Fab) (width 0.1))
    (fp_line (start -1.6 -0.8) (end -1.6 0.8) (layer B.Fab) (width 0.1))
    (pad 2 smd roundrect (at 1.4875 0 180) (size 1.425 1.75) (layers B.Cu B.Paste B.Mask) (roundrect_rratio 0.175439)
      (net 6 "Net-(D3-Pad2)"))
    (pad 1 smd roundrect (at -1.4875 0 180) (size 1.425 1.75) (layers B.Cu B.Paste B.Mask) (roundrect_rratio 0.175439)
      (net 1 GND))
    (model ${KISYS3DMOD}/Resistor_SMD.3dshapes/R_1206_3216Metric.wrl
      (at (xyz 0 0 0))
      (scale (xyz 1 1 1))
      (rotate (xyz 0 0 0))
    )
  )

  (module NANO_Badge_01:R_1206_3216Metric_Pad1.42x1.75mm_HandSolder (layer B.Cu) (tedit 5B301BBD) (tstamp 5E38D2CB)
    (at 124.46 73.66)
    (descr "Resistor SMD 1206 (3216 Metric), square (rectangular) end terminal, IPC_7351 nominal with elongated pad for handsoldering. (Body size source: http://www.tortai-tech.com/upload/download/2011102023233369053.pdf), generated with kicad-footprint-generator")
    (tags "resistor handsolder")
    (path /5E39EFA9)
    (attr smd)
    (fp_text reference R5 (at 0 1.82) (layer B.SilkS)
      (effects (font (size 1 1) (thickness 0.15)) (justify mirror))
    )
    (fp_text value R_Small (at 0 -1.82) (layer B.Fab)
      (effects (font (size 1 1) (thickness 0.15)) (justify mirror))
    )
    (fp_line (start -1.6 -0.8) (end -1.6 0.8) (layer B.Fab) (width 0.1))
    (fp_line (start -1.6 0.8) (end 1.6 0.8) (layer B.Fab) (width 0.1))
    (fp_line (start 1.6 0.8) (end 1.6 -0.8) (layer B.Fab) (width 0.1))
    (fp_line (start 1.6 -0.8) (end -1.6 -0.8) (layer B.Fab) (width 0.1))
    (fp_line (start -0.602064 0.91) (end 0.602064 0.91) (layer B.SilkS) (width 0.12))
    (fp_line (start -0.602064 -0.91) (end 0.602064 -0.91) (layer B.SilkS) (width 0.12))
    (fp_line (start -2.45 -1.12) (end -2.45 1.12) (layer B.CrtYd) (width 0.05))
    (fp_line (start -2.45 1.12) (end 2.45 1.12) (layer B.CrtYd) (width 0.05))
    (fp_line (start 2.45 1.12) (end 2.45 -1.12) (layer B.CrtYd) (width 0.05))
    (fp_line (start 2.45 -1.12) (end -2.45 -1.12) (layer B.CrtYd) (width 0.05))
    (fp_text user %R (at 0 0) (layer B.Fab)
      (effects (font (size 0.8 0.8) (thickness 0.12)) (justify mirror))
    )
    (pad 1 smd roundrect (at -1.4875 0) (size 1.425 1.75) (layers B.Cu B.Paste B.Mask) (roundrect_rratio 0.175439)
      (net 1 GND))
    (pad 2 smd roundrect (at 1.4875 0) (size 1.425 1.75) (layers B.Cu B.Paste B.Mask) (roundrect_rratio 0.175439)
      (net 9 "Net-(D4-Pad2)"))
    (model ${KISYS3DMOD}/Resistor_SMD.3dshapes/R_1206_3216Metric.wrl
      (at (xyz 0 0 0))
      (scale (xyz 1 1 1))
      (rotate (xyz 0 0 0))
    )
  )

  (module NANO_Badge_01:R_1206_3216Metric_Pad1.42x1.75mm_HandSolder (layer B.Cu) (tedit 5B301BBD) (tstamp 5E38D2DB)
    (at 131.445 92.71)
    (descr "Resistor SMD 1206 (3216 Metric), square (rectangular) end terminal, IPC_7351 nominal with elongated pad for handsoldering. (Body size source: http://www.tortai-tech.com/upload/download/2011102023233369053.pdf), generated with kicad-footprint-generator")
    (tags "resistor handsolder")
    (path /5E39F4BD)
    (attr smd)
    (fp_text reference R6 (at 0 1.82) (layer B.SilkS)
      (effects (font (size 1 1) (thickness 0.15)) (justify mirror))
    )
    (fp_text value R_Small (at 0 -1.82) (layer B.Fab)
      (effects (font (size 1 1) (thickness 0.15)) (justify mirror))
    )
    (fp_text user %R (at 0 0) (layer B.Fab)
      (effects (font (size 0.8 0.8) (thickness 0.12)) (justify mirror))
    )
    (fp_line (start 2.45 -1.12) (end -2.45 -1.12) (layer B.CrtYd) (width 0.05))
    (fp_line (start 2.45 1.12) (end 2.45 -1.12) (layer B.CrtYd) (width 0.05))
    (fp_line (start -2.45 1.12) (end 2.45 1.12) (layer B.CrtYd) (width 0.05))
    (fp_line (start -2.45 -1.12) (end -2.45 1.12) (layer B.CrtYd) (width 0.05))
    (fp_line (start -0.602064 -0.91) (end 0.602064 -0.91) (layer B.SilkS) (width 0.12))
    (fp_line (start -0.602064 0.91) (end 0.602064 0.91) (layer B.SilkS) (width 0.12))
    (fp_line (start 1.6 -0.8) (end -1.6 -0.8) (layer B.Fab) (width 0.1))
    (fp_line (start 1.6 0.8) (end 1.6 -0.8) (layer B.Fab) (width 0.1))
    (fp_line (start -1.6 0.8) (end 1.6 0.8) (layer B.Fab) (width 0.1))
    (fp_line (start -1.6 -0.8) (end -1.6 0.8) (layer B.Fab) (width 0.1))
    (pad 2 smd roundrect (at 1.4875 0) (size 1.425 1.75) (layers B.Cu B.Paste B.Mask) (roundrect_rratio 0.175439)
      (net 10 "Net-(D5-Pad2)"))
    (pad 1 smd roundrect (at -1.4875 0) (size 1.425 1.75) (layers B.Cu B.Paste B.Mask) (roundrect_rratio 0.175439)
      (net 1 GND))
    (model ${KISYS3DMOD}/Resistor_SMD.3dshapes/R_1206_3216Metric.wrl
      (at (xyz 0 0 0))
      (scale (xyz 1 1 1))
      (rotate (xyz 0 0 0))
    )
  )

  (module NANO_Badge_01:R_1206_3216Metric_Pad1.42x1.75mm_HandSolder (layer B.Cu) (tedit 5B301BBD) (tstamp 5E38D2EB)
    (at 125.73 110.49 180)
    (descr "Resistor SMD 1206 (3216 Metric), square (rectangular) end terminal, IPC_7351 nominal with elongated pad for handsoldering. (Body size source: http://www.tortai-tech.com/upload/download/2011102023233369053.pdf), generated with kicad-footprint-generator")
    (tags "resistor handsolder")
    (path /5E3A00A8)
    (attr smd)
    (fp_text reference R7 (at 0 1.82) (layer B.SilkS)
      (effects (font (size 1 1) (thickness 0.15)) (justify mirror))
    )
    (fp_text value R_Small (at 0 -1.82) (layer B.Fab)
      (effects (font (size 1 1) (thickness 0.15)) (justify mirror))
    )
    (fp_line (start -1.6 -0.8) (end -1.6 0.8) (layer B.Fab) (width 0.1))
    (fp_line (start -1.6 0.8) (end 1.6 0.8) (layer B.Fab) (width 0.1))
    (fp_line (start 1.6 0.8) (end 1.6 -0.8) (layer B.Fab) (width 0.1))
    (fp_line (start 1.6 -0.8) (end -1.6 -0.8) (layer B.Fab) (width 0.1))
    (fp_line (start -0.602064 0.91) (end 0.602064 0.91) (layer B.SilkS) (width 0.12))
    (fp_line (start -0.602064 -0.91) (end 0.602064 -0.91) (layer B.SilkS) (width 0.12))
    (fp_line (start -2.45 -1.12) (end -2.45 1.12) (layer B.CrtYd) (width 0.05))
    (fp_line (start -2.45 1.12) (end 2.45 1.12) (layer B.CrtYd) (width 0.05))
    (fp_line (start 2.45 1.12) (end 2.45 -1.12) (layer B.CrtYd) (width 0.05))
    (fp_line (start 2.45 -1.12) (end -2.45 -1.12) (layer B.CrtYd) (width 0.05))
    (fp_text user %R (at 0 0) (layer B.Fab)
      (effects (font (size 0.8 0.8) (thickness 0.12)) (justify mirror))
    )
    (pad 1 smd roundrect (at -1.4875 0 180) (size 1.425 1.75) (layers B.Cu B.Paste B.Mask) (roundrect_rratio 0.175439)
      (net 1 GND))
    (pad 2 smd roundrect (at 1.4875 0 180) (size 1.425 1.75) (layers B.Cu B.Paste B.Mask) (roundrect_rratio 0.175439)
      (net 13 "Net-(D6-Pad2)"))
    (model ${KISYS3DMOD}/Resistor_SMD.3dshapes/R_1206_3216Metric.wrl
      (at (xyz 0 0 0))
      (scale (xyz 1 1 1))
      (rotate (xyz 0 0 0))
    )
  )

  (module NANO_Badge_01:R_1206_3216Metric_Pad1.42x1.75mm_HandSolder (layer B.Cu) (tedit 5B301BBD) (tstamp 5E38D2FB)
    (at 114.3 68.58 180)
    (descr "Resistor SMD 1206 (3216 Metric), square (rectangular) end terminal, IPC_7351 nominal with elongated pad for handsoldering. (Body size source: http://www.tortai-tech.com/upload/download/2011102023233369053.pdf), generated with kicad-footprint-generator")
    (tags "resistor handsolder")
    (path /5E3A05E7)
    (attr smd)
    (fp_text reference R8 (at 0 1.82) (layer B.SilkS)
      (effects (font (size 1 1) (thickness 0.15)) (justify mirror))
    )
    (fp_text value R_Small (at 0 -1.82) (layer B.Fab)
      (effects (font (size 1 1) (thickness 0.15)) (justify mirror))
    )
    (fp_text user %R (at 0 0) (layer B.Fab)
      (effects (font (size 0.8 0.8) (thickness 0.12)) (justify mirror))
    )
    (fp_line (start 2.45 -1.12) (end -2.45 -1.12) (layer B.CrtYd) (width 0.05))
    (fp_line (start 2.45 1.12) (end 2.45 -1.12) (layer B.CrtYd) (width 0.05))
    (fp_line (start -2.45 1.12) (end 2.45 1.12) (layer B.CrtYd) (width 0.05))
    (fp_line (start -2.45 -1.12) (end -2.45 1.12) (layer B.CrtYd) (width 0.05))
    (fp_line (start -0.602064 -0.91) (end 0.602064 -0.91) (layer B.SilkS) (width 0.12))
    (fp_line (start -0.602064 0.91) (end 0.602064 0.91) (layer B.SilkS) (width 0.12))
    (fp_line (start 1.6 -0.8) (end -1.6 -0.8) (layer B.Fab) (width 0.1))
    (fp_line (start 1.6 0.8) (end 1.6 -0.8) (layer B.Fab) (width 0.1))
    (fp_line (start -1.6 0.8) (end 1.6 0.8) (layer B.Fab) (width 0.1))
    (fp_line (start -1.6 -0.8) (end -1.6 0.8) (layer B.Fab) (width 0.1))
    (pad 2 smd roundrect (at 1.4875 0 180) (size 1.425 1.75) (layers B.Cu B.Paste B.Mask) (roundrect_rratio 0.175439)
      (net 17 "Net-(D8-Pad2)"))
    (pad 1 smd roundrect (at -1.4875 0 180) (size 1.425 1.75) (layers B.Cu B.Paste B.Mask) (roundrect_rratio 0.175439)
      (net 1 GND))
    (model ${KISYS3DMOD}/Resistor_SMD.3dshapes/R_1206_3216Metric.wrl
      (at (xyz 0 0 0))
      (scale (xyz 1 1 1))
      (rotate (xyz 0 0 0))
    )
  )

  (module NANO_Badge_01:R_1206_3216Metric_Pad1.42x1.75mm_HandSolder (layer B.Cu) (tedit 5B301BBD) (tstamp 5E38D30B)
    (at 160.02 59.055)
    (descr "Resistor SMD 1206 (3216 Metric), square (rectangular) end terminal, IPC_7351 nominal with elongated pad for handsoldering. (Body size source: http://www.tortai-tech.com/upload/download/2011102023233369053.pdf), generated with kicad-footprint-generator")
    (tags "resistor handsolder")
    (path /5E3A09BB)
    (attr smd)
    (fp_text reference R9 (at 0 1.82) (layer B.SilkS)
      (effects (font (size 1 1) (thickness 0.15)) (justify mirror))
    )
    (fp_text value R_Small (at 0 -1.82) (layer B.Fab)
      (effects (font (size 1 1) (thickness 0.15)) (justify mirror))
    )
    (fp_line (start -1.6 -0.8) (end -1.6 0.8) (layer B.Fab) (width 0.1))
    (fp_line (start -1.6 0.8) (end 1.6 0.8) (layer B.Fab) (width 0.1))
    (fp_line (start 1.6 0.8) (end 1.6 -0.8) (layer B.Fab) (width 0.1))
    (fp_line (start 1.6 -0.8) (end -1.6 -0.8) (layer B.Fab) (width 0.1))
    (fp_line (start -0.602064 0.91) (end 0.602064 0.91) (layer B.SilkS) (width 0.12))
    (fp_line (start -0.602064 -0.91) (end 0.602064 -0.91) (layer B.SilkS) (width 0.12))
    (fp_line (start -2.45 -1.12) (end -2.45 1.12) (layer B.CrtYd) (width 0.05))
    (fp_line (start -2.45 1.12) (end 2.45 1.12) (layer B.CrtYd) (width 0.05))
    (fp_line (start 2.45 1.12) (end 2.45 -1.12) (layer B.CrtYd) (width 0.05))
    (fp_line (start 2.45 -1.12) (end -2.45 -1.12) (layer B.CrtYd) (width 0.05))
    (fp_text user %R (at 0 0) (layer B.Fab)
      (effects (font (size 0.8 0.8) (thickness 0.12)) (justify mirror))
    )
    (pad 1 smd roundrect (at -1.4875 0) (size 1.425 1.75) (layers B.Cu B.Paste B.Mask) (roundrect_rratio 0.175439)
      (net 1 GND))
    (pad 2 smd roundrect (at 1.4875 0) (size 1.425 1.75) (layers B.Cu B.Paste B.Mask) (roundrect_rratio 0.175439)
      (net 18 "Net-(D9-Pad2)"))
    (model ${KISYS3DMOD}/Resistor_SMD.3dshapes/R_1206_3216Metric.wrl
      (at (xyz 0 0 0))
      (scale (xyz 1 1 1))
      (rotate (xyz 0 0 0))
    )
  )

  (module NANO_Badge_01:NANO_IoT_33_03 (layer F.Cu) (tedit 0) (tstamp 5E38D31B)
    (at 139.7 89.535)
    (path /5C5C8D11)
    (fp_text reference U1 (at 0 0) (layer F.SilkS) hide
      (effects (font (size 1.27 1.27) (thickness 0.15)))
    )
    (fp_text value NANO_ALL_PCB (at 0 0) (layer F.SilkS) hide
      (effects (font (size 1.27 1.27) (thickness 0.15)))
    )
    (fp_line (start -4.916956 -37.730746) (end -4.916937 -37.730749) (layer Edge.Cuts) (width 0.1))
    (fp_line (start -4.916956 -37.730746) (end -4.916956 -37.730746) (layer Edge.Cuts) (width 0.1))
    (fp_line (start -4.916956 -37.730746) (end -4.916956 -37.730746) (layer Edge.Cuts) (width 0.1))
    (fp_line (start -4.916956 -37.730746) (end -4.916956 -37.730746) (layer Edge.Cuts) (width 0.1))
    (fp_line (start -4.916956 -37.730746) (end -4.916956 -37.730746) (layer Edge.Cuts) (width 0.1))
    (fp_line (start -5.06727 -37.723206) (end -4.916956 -37.730746) (layer Edge.Cuts) (width 0.1))
    (fp_line (start -5.213146 -37.701065) (end -5.06727 -37.723206) (layer Edge.Cuts) (width 0.1))
    (fp_line (start -5.353861 -37.665051) (end -5.213146 -37.701065) (layer Edge.Cuts) (width 0.1))
    (fp_line (start -5.488686 -37.615889) (end -5.353861 -37.665051) (layer Edge.Cuts) (width 0.1))
    (fp_line (start -5.616898 -37.554305) (end -5.488686 -37.615889) (layer Edge.Cuts) (width 0.1))
    (fp_line (start -5.737768 -37.481025) (end -5.616898 -37.554305) (layer Edge.Cuts) (width 0.1))
    (fp_line (start -5.850574 -37.396776) (end -5.737768 -37.481025) (layer Edge.Cuts) (width 0.1))
    (fp_line (start -5.954586 -37.302282) (end -5.850574 -37.396776) (layer Edge.Cuts) (width 0.1))
    (fp_line (start -6.049076 -37.19827) (end -5.954586 -37.302282) (layer Edge.Cuts) (width 0.1))
    (fp_line (start -6.133336 -37.085466) (end -6.049076 -37.19827) (layer Edge.Cuts) (width 0.1))
    (fp_line (start -6.206616 -36.964596) (end -6.133336 -37.085466) (layer Edge.Cuts) (width 0.1))
    (fp_line (start -6.268196 -36.836384) (end -6.206616 -36.964596) (layer Edge.Cuts) (width 0.1))
    (fp_line (start -6.317366 -36.701559) (end -6.268196 -36.836384) (layer Edge.Cuts) (width 0.1))
    (fp_line (start -6.353376 -36.560844) (end -6.317366 -36.701559) (layer Edge.Cuts) (width 0.1))
    (fp_line (start -6.375516 -36.414967) (end -6.353376 -36.560844) (layer Edge.Cuts) (width 0.1))
    (fp_line (start -6.383016 -36.264653) (end -6.375516 -36.414967) (layer Edge.Cuts) (width 0.1))
    (fp_line (start -6.383016 -35.963927) (end -6.383016 -36.264653) (layer Edge.Cuts) (width 0.1))
    (fp_line (start -6.383016 -35.663201) (end -6.383016 -35.963927) (layer Edge.Cuts) (width 0.1))
    (fp_line (start -6.383016 -35.362476) (end -6.383016 -35.663201) (layer Edge.Cuts) (width 0.1))
    (fp_line (start -6.383016 -35.061748) (end -6.383016 -35.362476) (layer Edge.Cuts) (width 0.1))
    (fp_line (start -6.375483 -34.911433) (end -6.383016 -35.061748) (layer Edge.Cuts) (width 0.1))
    (fp_line (start -6.353337 -34.765556) (end -6.375483 -34.911433) (layer Edge.Cuts) (width 0.1))
    (fp_line (start -6.317331 -34.624842) (end -6.353337 -34.765556) (layer Edge.Cuts) (width 0.1))
    (fp_line (start -6.268173 -34.490016) (end -6.317331 -34.624842) (layer Edge.Cuts) (width 0.1))
